finalMarking		0			0	
p1-p11-p7-p9		-1.91792			1	0	1	0	0	0	0	0	1	0	1	
p1-p10-p11-p7-p9		-21.2421			1	1	1	0	0	0	0	0	1	0	1	
p11-p2-p7-p9		-23.8408			0	0	1	1	0	0	0	0	1	0	1	
p11-p3-p7-p9		-1.46668			0	0	1	0	1	0	0	0	1	0	1	
p11-p4-p7-p9		-17.9916			0	0	1	0	0	1	0	0	1	0	1	
p11-p5-p7-p9		-3.61578			0	0	1	0	0	0	1	0	1	0	1	
p1-p11-p6-p7-p9		-16.0305			1	0	1	0	0	0	0	1	1	0	1	
p11-p2-p6-p7-p9		-66.1112			0	0	1	1	0	0	0	1	1	0	1	
p11-p5-p6-p7-p9		-14.2832			0	0	1	0	0	0	1	1	1	0	1	
p1-p11-p7-p8-p9		-1.30681			1	0	1	0	0	0	0	0	1	1	1	
